X: 0.553642148093241
Y: 100.0
Z: 0.6266075099891031
Yaw: 89.9446792602539
Pitch: -1.4022630453109741
Worldname: world
