jails:
  jail:
    world: 1b949f08-9bfc-4242-a6d1-d6e05b934fe6
    world-name: world
    x: -23.473733108930503
    y: 94.0
    z: 21.574555723807485
    yaw: -178.8040771484375
    pitch: -5.400493621826172
  '123':
    world: 1b949f08-9bfc-4242-a6d1-d6e05b934fe6
    world-name: world
    x: -26.270442335670094
    y: 94.0
    z: 24.64582615416251
    yaw: -218.4976806640625
    pitch: 17.375167846679688
  blegbaru:
    world: 1b949f08-9bfc-4242-a6d1-d6e05b934fe6
    world-name: world
    x: -16.549493787299618
    y: 94.0
    z: 0.6999999880790714
    yaw: 92.54693603515625
    pitch: 1.9493461847305298
