spawn:
  world:
    x: 1
    y: 100
    z: 0
    pitch: 0.3601469
    yaw: 89.892876
