world: f137852e-1460-40d8-b5b1-9a77e0fa82b8
world-name: world
x: 75.81052881390806
y: 97.0
z: -12.347053512557665
yaw: -137.53173828125
pitch: -0.34311529994010925
name: afk
lastowner: 33cf46f7-a5ff-3d3c-aa13-7d04de49d72a
