world: 1b949f08-9bfc-4242-a6d1-d6e05b934fe6
world-name: world
x: 16.329267469675113
y: 112.0
z: 141.88984293999795
yaw: 350.6190185546875
pitch: 2.8562755584716797
name: cart
lastowner: 90e062e2-5cf8-3853-ad55-4c64026a5e3d
