world: efcb4260-5330-4cb2-9ca0-a1a6a70c4e04
world-name: rtp
x: -1090.4218304491826
y: 84.0
z: -316.7773898991664
yaw: 23.329679489135742
pitch: 23.239025115966797
name: house
lastowner: 33cf46f7-a5ff-3d3c-aa13-7d04de49d72a
