world: 7f2fdda7-c384-404b-8ad6-98a476baece6
world-name: pvp
x: 0.4465013832266531
y: 39.0
z: -42.748292188239
yaw: -0.7093445062637329
pitch: 0.28691425919532776
name: pvp
lastowner: 33cf46f7-a5ff-3d3c-aa13-7d04de49d72a
