world: f137852e-1460-40d8-b5b1-9a77e0fa82b8
world-name: world
x: 38.066211771044344
y: 97.0
z: -18.26249177319948
yaw: 213.3720703125
pitch: 0.638836681842804
name: rocket
lastowner: 33cf46f7-a5ff-3d3c-aa13-7d04de49d72a
