world: efcb4260-5330-4cb2-9ca0-a1a6a70c4e04
world-name: rtp
x: 747.0082090763755
y: 75.0
z: 1011.7334084982516
yaw: 90.757568359375
pitch: 0.4671717584133148
name: turik
lastowner: 33cf46f7-a5ff-3d3c-aa13-7d04de49d72a
